Column1;onset_sec;offset;midi_pitch;duration;freq;boundary;changable_note
16;0.5;0.972916667;60;0.472916667;261.6255653;0;0
18;1;1.472916667;62;0.472916667;293.6647679;0;1
20;1.5;1.972916667;64;0.472916667;329.6275569;0;0
22;2;2.710416667;65;0.710416667;349.2282314;0;1
24;2.75;2.866666667;67;0.116666667;391.995436;0;0
26;2.875;2.991666667;65;0.116666667;349.2282314;0;0
28;3;3.472916667;64;0.472916667;329.6275569;0;1
30;3.5;3.972916667;69;0.472916667;440;0;0
32;4;4.472916667;62;0.472916667;293.6647679;0;1
34;4.5;5.210416667;67;0.710416667;391.995436;0;0
36;5.25;5.485416667;69;0.235416667;440;0;0
38;5.5;5.735416667;67;0.235416667;391.995436;0;0
40;5.75;5.985416667;65;0.235416667;349.2282314;0;0
42;6;6.235416667;64;0.235416667;329.6275569;0;1
44;6.25;6.485416667;65;0.235416667;349.2282314;0;0
46;6.5;6.735416667;64;0.235416667;329.6275569;0;0
48;6.75;6.985416667;62;0.235416667;293.6647679;0;0
50;7;8.422916667;60;1.422916667;261.6255653;0;1
52;8.5;8.972916667;67;0.472916667;391.995436;1;1
54;9;9.235416667;69;0.235416667;440;0;0
56;9.25;9.485416667;67;0.235416667;391.995436;0;0
58;9.5;9.735416667;65;0.235416667;349.2282314;0;0
60;9.75;9.985416667;67;0.235416667;391.995436;0;0
62;10;10.47291667;76;0.472916667;659.2551138;0;1
64;10.5;10.97291667;72;0.472916667;523.2511306;0;0
66;11;11.47291667;67;0.472916667;391.995436;0;1
68;11.5;11.73541667;65;0.235416667;349.2282314;0;0
70;11.75;11.98541667;64;0.235416667;329.6275569;0;0
72;12;12.47291667;65;0.472916667;349.2282314;0;1
74;12.5;12.97291667;74;0.472916667;587.3295358;0;0
76;13;13.47291667;64;0.472916667;329.6275569;0;1
78;13.5;13.97291667;72;0.472916667;523.2511306;0;0
80;14;14.47291667;62;0.472916667;293.6647679;0;1
82;14.5;14.97291667;71;0.472916667;493.8833013;0;0
84;15;15.94791667;72;0.947916667;523.2511306;0;1
86;16;16.11666667;60;0.116666667;261.6255653;1;1
88;16.125;16.24166667;62;0.116666667;293.6647679;0;0
90;16.25;16.36666667;64;0.116666667;329.6275569;0;0
92;16.375;16.49166667;65;0.116666667;349.2282314;0;0
94;16.5;16.61666667;64;0.116666667;329.6275569;0;0
96;16.625;16.74166667;62;0.116666667;293.6647679;0;0
98;16.75;16.86666667;64;0.116666667;329.6275569;0;0
100;16.875;16.99166667;60;0.116666667;261.6255653;0;0
102;17;17.71041667;69;0.710416667;440;0;1
104;17.75;17.98541667;69;0.235416667;440;0;0
106;18;18.71041667;67;0.710416667;391.995436;0;1
108;18.75;18.98541667;65;0.235416667;349.2282314;0;0
110;19;19.71041667;64;0.710416667;329.6275569;0;1
112;19.75;19.98541667;65;0.235416667;349.2282314;0;0
114;20;20.71041667;64;0.710416667;329.6275569;0;1
116;20.75;20.98541667;62;0.235416667;293.6647679;0;0
118;21;21.47291667;60;0.472916667;261.6255653;0;1
120;21.5;21.97291667;55;0.472916667;195.997718;0;0
122;22;22.23541667;60;0.235416667;261.6255653;0;1
124;22.25;22.48541667;62;0.235416667;293.6647679;0;0
126;22.5;22.73541667;64;0.235416667;329.6275569;0;0
128;22.75;22.98541667;62;0.235416667;293.6647679;0;0
130;23;23.94791667;60;0.947916667;261.6255653;0;1
132;24;24.23541667;67;0.235416667;391.995436;1;1
134;24.25;24.48541667;64;0.235416667;329.6275569;0;0
136;24.5;24.73541667;62;0.235416667;293.6647679;0;0
138;24.75;24.98541667;64;0.235416667;329.6275569;0;0
140;25;25.23541667;60;0.235416667;261.6255653;0;1
142;25.25;25.48541667;65;0.235416667;349.2282314;0;0
144;25.5;25.73541667;64;0.235416667;329.6275569;0;0
146;25.75;25.98541667;65;0.235416667;349.2282314;0;0
148;26;26.47291667;69;0.472916667;440;0;1
150;26.5;27.44791667;67;0.947916667;391.995436;0;0
152;27.5;27.73541667;66;0.235416667;369.9944227;0;0
154;27.75;27.98541667;62;0.235416667;293.6647679;0;0
156;28;28.47291667;72;0.472916667;523.2511306;0;1
158;28.5;28.97291667;71;0.472916667;493.8833013;0;0
160;29;29.94791667;69;0.947916667;440;0;1
162;30;30.23541667;67;0.235416667;391.995436;0;1
164;30.25;30.48541667;74;0.235416667;587.3295358;0;0
166;30.5;30.73541667;71;0.235416667;493.8833013;0;0
168;30.75;30.98541667;69;0.235416667;440;0;0
170;31;31.47291667;71;0.472916667;493.8833013;0;1
172;31.5;31.97291667;67;0.472916667;391.995436;0;0
174;32;32.47291667;72;0.472916667;523.2511306;1;1
176;32.5;32.97291667;71;0.472916667;493.8833013;0;0
178;33;33.47291667;72;0.472916667;523.2511306;0;1
180;33.5;33.73541667;71;0.235416667;493.8833013;0;0
182;33.75;33.98541667;69;0.235416667;440;0;0
184;34;34.71041667;67;0.710416667;391.995436;0;1
186;34.75;34.86666667;65;0.116666667;349.2282314;0;0
188;34.875;34.99166667;67;0.116666667;391.995436;0;0
190;35;36.42291667;69;1.422916667;440;0;1
192;36.5;36.97291667;67;0.472916667;391.995436;0;1
194;37;37.47291667;65;0.472916667;349.2282314;0;1
196;37.5;37.97291667;64;0.472916667;329.6275569;0;0
198;38;38.47291667;62;0.472916667;293.6647679;1;1
200;38.5;38.97291667;67;0.472916667;391.995436;0;0
202;39;39.47291667;64;0.472916667;329.6275569;0;1
204;39.5;39.97291667;60;0.472916667;261.6255653;0;0
206;40;40.47291667;60;0.472916667;261.6255653;1;1
208;40.5;40.97291667;67;0.472916667;391.995436;0;0
210;41;41.47291667;64;0.472916667;329.6275569;0;1
212;41.5;41.97291667;60;0.472916667;261.6255653;0;0
214;42;42.47291667;69;0.472916667;440;0;1
216;42.5;42.97291667;65;0.472916667;349.2282314;0;0
218;43;43.94791667;67;0.947916667;391.995436;0;1
220;44;44.23541667;67;0.235416667;391.995436;0;1
222;44.25;44.48541667;65;0.235416667;349.2282314;0;0
224;44.5;44.73541667;64;0.235416667;329.6275569;0;0
226;44.75;44.98541667;65;0.235416667;349.2282314;0;0
228;45;45.23541667;67;0.235416667;391.995436;0;1
230;45.25;45.48541667;69;0.235416667;440;0;0
232;45.5;45.73541667;71;0.235416667;493.8833013;0;0
234;45.75;45.98541667;67;0.235416667;391.995436;0;0
236;46;46.23541667;72;0.235416667;523.2511306;0;1
238;46.25;46.48541667;74;0.235416667;587.3295358;0;0
240;46.5;46.73541667;76;0.235416667;659.2551138;0;0
242;46.75;46.98541667;79;0.235416667;783.990872;0;0
244;47;47.94791667;72;0.947916667;523.2511306;0;1
246;48;48.47291667;59;0.472916667;246.9416506;1;1
248;48.5;48.97291667;60;0.472916667;261.6255653;0;0
250;49;49.94791667;62;0.947916667;293.6647679;0;1
252;50;50.47291667;55;0.472916667;195.997718;0;1
254;50.5;50.73541667;57;0.235416667;220;0;0
256;50.75;50.98541667;59;0.235416667;246.9416506;0;0
258;51;51.47291667;60;0.472916667;261.6255653;0;1
260;51.5;51.73541667;62;0.235416667;293.6647679;0;0
262;51.75;51.98541667;64;0.235416667;329.6275569;0;0
264;52;52.47291667;65;0.472916667;349.2282314;0;1
266;52.5;52.97291667;64;0.472916667;329.6275569;0;0
268;53;53.47291667;62;0.472916667;293.6647679;0;1
270;53.5;53.73541667;64;0.235416667;329.6275569;0;0
272;53.75;53.98541667;62;0.235416667;293.6647679;0;0
274;54;56.37291667;60;2.372916667;261.6255653;0;1
276;56.5;56.97291667;72;0.472916667;523.2511306;1;1
278;57;57.47291667;72;0.472916667;523.2511306;0;0
280;57.5;57.97291667;72;0.472916667;523.2511306;0;0
282;58;58.94791667;65;0.947916667;349.2282314;0;1
284;59;60.42291667;69;1.422916667;440;0;1
286;60.5;60.97291667;62;0.472916667;293.6647679;0;1
288;61;61.47291667;67;0.472916667;391.995436;0;1
290;61.5;61.97291667;65;0.472916667;349.2282314;0;0
292;62;62.94791667;64;0.947916667;329.6275569;0;1
294;63;63.94791667;60;0.947916667;261.6255653;0;0